symbol,avg_price,divident,blue_chip_weight
000080.KO,17.46706215437324,0,0
000100.KO,45.186641743581866,0,0
000150.KO,73.88792755240688,0,0
000270.KO,61.269133718418956,0,0.005171416522382084
000660.KO,76.76486412584097,0.45808629621303454,0.011857995592629691
001040.KO,64.33793057887125,0,0
002380.KO,168.16390145678625,0.7559264634736332,0
003230.KO,95.03940002530739,0,0
003490.KO,18.15287932297398,0,0
003550.KO,65.52992583616789,0,0.002011900876455717
003560.KO,0.41772796778085125,0,0
003670.KO,250.0397296927334,0,0.003974318741160715
004170.KO,159.207636306493,0,0
004370.KO,301.4880446026318,0,0
004990.KO,21.97036193280335,0,0
005380.KO,144.72700696277886,1.1338896952104498,0.0063487402784658115
005490.KO,304.937923159993,1.9275696430912048,0.004769214064747018
005930.KO,50.75804871227355,0.5512305097763516,0.06264522652836844
006400.KO,529.676885422647,0,0.006686256609254193
007310.KO,331.8212530994524,0,0
008930.KO,27.296834592009994,0,0
009150.KO,113.13468133329322,0,0
009830.KO,35.45966787142397,0,0
010130.KO,399.77135116042405,0,0
010140.KO,4.869541861295881,0,0
010950.KO,59.4669225246848,0.15118529269472664,0
011170.KO,130.22490058248695,0,0
011200.KO,15.23111632598368,0,0
011780.KO,104.80064148735558,0,0
012330.KO,171.14590913964037,0.7559264634736332,0.0031860929313785747
012450.KO,80.19875489068824,0,0
014680.KO,161.92585624369505,0,0
015760.KO,14.629645933774322,0,0
017670.KO,36.427543230812184,1.2673720861893956,0
019170.KO,14.24373892970695,0,0
020560.KO,10.02579329537022,0,0
021240.KO,37.86427818291941,0,0
024110.KO,7.868870597214665,0,0
024720.KO,11.6157432289421,0,0
028670.KO,4.176387672433935,0,0
030200.KO,24.267497055255046,0,0
032830.KO,51.971482917440206,0,0
033780.KO,66.43870958294642,0,0
034020.KO,13.022674544241404,0,0
034120.KO,25.972096067637775,0,0
034220.KO,11.431936444078412,0,0
034730.KO,129.0620617463474,1.141934894485216,0
035250.KO,14.713275823987505,0,0
035420.KO,157.32514961433614,0,0.004000274363064403
035720.KO,43.885239838847205,0,0.0031755383579067506
035760.KQ,62.77120633585411,0,0
035900.KQ,75.61102923954758,0,0
036460.KO,21.339472049847238,0,0
036570.KO,277.88311089064354,0,0
039030.KQ,75.91662105585739,0,0
041510.KQ,84.5588919877622,0,0
042660.KO,23.090631278159215,0,0
043610.KQ,3.023569007936141,0,0
046140.KQ,5.21360982747774,0,0
046390.KQ,2.1990463969314202,0,0
047810.KO,38.43127729675562,0,0
047820.KQ,6.430376582475088,0,0
048550.KQ,2.3872629830015417,0,0
048910.KQ,11.610113563397618,0,0
051900.KO,448.11560884530587,0,0
051905.KO,189.2821405223082,0,0
051910.KO,526.0235216809048,0,0.0068434622193398595
053800.KQ,51.64372479037296,0,0
054780.KQ,6.534769508304019,0,0
055550.KO,28.039940556146906,0.8016510183728105,0.0025614863666344107
058470.KQ,115.54672650987088,0,0
063080.KQ,32.753483601240276,0,0
066570.KO,85.52152754111985,0,0.0029995087225190556
067160.KQ,60.9758340987118,0,0
068050.KQ,3.8806257655524865,0,0
068270.KO,122.7731247583265,0,0.00325348810081238
069080.KQ,12.26856054003135,0,0
078340.KQ,48.45301401503659,0.9827044025157232,0
078520.KO,5.784362451552556,0,0
079160.KO,10.914549679466079,0,0
081660.KO,28.81581049335077,0,0
086280.KO,131.8335474086406,0,0
086520.KQ,440.1855384547182,0,0.002918078177294698
086790.KO,32.74495451178197,0.9161725924260691,0
086980.KQ,2.7612887434530538,0,0
089590.KO,11.266445853736565,0,0
090430.KO,96.53341026132465,0,0
091810.KO,2.3625020009646915,0,0
095660.KQ,32.06640005060359,0,0
095720.KO,2.138369996119732,0,0
096770.KO,134.5562726738744,0,0.002130108537485317
098460.KQ,11.356192720120722,0,0
101490.KQ,33.6290699733488,0,0
104200.KQ,4.707123823096384,0,0
105560.KO,38.971365750933174,0.7787467035621587,0.0028004077783692943
1101.TW,1.2065941762321293,0.01595530012771392,0
1102.TW,1.3881148052433703,0.07379942233632862,0
112040.KQ,34.07947811607439,0,0
1216.TW,2.241950395794127,0.09946321439848436,0.0026253069950552526
122870.KQ,51.580708007071955,0,0
1301.TSE,26.327743331434785,0.6784260515603799,0
1301.TW,2.8855235953448184,0.13539651837524178,0.0033505723045649995
1303.TW,2.4242812247025065,0.09643201542912248,0.003531387526826108
1326.TW,2.2217349418977257,0.03089430894308943,0.0024104320496620454
137310.KO,15.233337739964087,0,0
137400.KQ,42.06213684819948,0,0
1377.TSE,29.320114456020566,0.2145769258279093,0
1402.TW,1.0229641005433807,0.04350628424105704,0
1407.TSE,22.900971506432466,0,0
1417.TSE,12.29654049273553,0.2261420171867933,0
1434.TW,0.8866929961164925,0.04838709677419355,0
1590.TW,33.58499304437476,0,0
1605.TSE,11.236103958881486,0.22102500345351567,0.002937038445192223
160550.KQ,5.653838496596245,0,0
161390.KO,27.45963054770196,0,0
1802.TSE,8.04376076160237,0.15829941203075532,0
1812.TSE,13.463225696344526,0.30906075682195083,0
181710.KO,20.499972618205973,0,0
182360.KQ,16.694722251694206,0,0
1860.TSE,5.441558692333272,0.101763907734057,0
1878.TSE,99.75150494213977,1.9523594150459824,0
192080.KO,34.52786905410263,0,0
1925.TSE,24.775860037282094,0.5276647067691844,0.0033136456714348336
1928.TSE,19.41240604919203,0.8625802242406753,0.0025009924606249102
192820.KO,68.77770859494694,0,0
2002.TSE,12.23883453257166,0.15829941203075532,0
2002A.TW,1.4424966243539525,0.04485741749439282,0
200350.KQ,15.029146379487198,0,0
206560.KQ,8.446469413969792,0,0
207940.KO,604.0719324236284,0,0.007696384441780413
2121.TSE,19.23073199900185,0.4145936981757878,0
2138.TSE,6.936516019336575,0,0
214150.KQ,19.312563154391142,0,0
214420.KO,3.7875499641960886,0,0
2207.TW,22.554256615478558,0.06315124723713293,0.00272294534757341
226320.KO,12.632055469634548,0,0
2267.TSE,66.42431315292873,0.33921302578018997,0
2269.TSE,23.798439924215025,0.7161163877581789,0
2303.TW,1.5884482852111956,0.1160689877498388,0.003724334940850816
2308.TW,10.277106116463678,0.31589085072231143,0.005495924526879289
2317.TW,3.2853392244019335,0.1704728208427147,0.009176706374096464
2327.TW,16.356674023319545,0.32011018577834727,0
2330.TW,17.324463847391428,0.17969824562077796,0.09173768093107557
2331.TSE,5.467740461212135,0.32413689130107043,0
2345.TW,10.331251771887915,0.23703539823008848,0
2347.TW,1.9724871127772408,0.11378413524057215,0
2353.TW,0.9710134448070273,0.048216007714561235,0
2357.TW,9.814083384873705,0.48247024766806046,0
2379.TW,12.262937810215437,0,0
2382.TW,4.090870078278379,0.1965923984272608,0.0035983480848810843
2395.TW,12.006754456425101,0.3212515278224509,0
2408.TW,2.1119338215051617,0.06865485014502094,0
2412.TW,3.8683624036656954,0.15114111218257795,0
2413.TSE,23.78175554860964,0.14322327755163575,0.002797700481028123
241560.KO,36.95389477986153,0.6047411707789065,0
241840.KQ,15.928869074278387,0,0
2429.TSE,19.16404690386313,0,0
2432.TSE,13.07096569606295,0.15076134479119557,0
2454.TW,23.09292567871125,2.003405169628433,0.006726145067642999
247540.KQ,180.97047729117398,0,0.0035394567796360014
2497.TSE,5.2235677636096955,0.17337554650987488,0
2501.TSE,25.953443951359716,0,0
2501.TW,0.5303281042911834,0.016160310277957335,0
2502.TSE,36.65775890813394,0.38679375604365246,0.003743306110481247
2503.TSE,14.968933072398055,0.2382925818483216,0.00226118102883254
251270.KO,43.79581095077488,0,0
253450.KQ,51.248679300146776,0,0
2587.TSE,35.570882798641215,0.2762812543168946,0.0021346344313714
259960.KO,139.07574255624309,0,0
2603.TW,4.6457181908467176,2.247191011235955,0
2609.TW,1.9031462935473544,0.6432936635574139,0
2610.TW,0.7011362076402129,0.014675382653061226,0
2615.TW,2.0867269232356853,0.1607717041800643,0
2618.TW,1.0187355804703504,0.025809754521963824,0
2633.TW,0.9873231145284633,0.02139208173690933,0
263750.KQ,36.78402243274645,0,0
2651.TSE,43.58666089890036,0.550579944207899,0
2670.TSE,53.03024075672305,0.6239906034356189,0
2702.TSE,40.19643549769678,0,0
2706.TSE,9.438606143105828,0.19086771399207164,0
271560.KO,98.03642675026197,0,0
272450.KO,12.317922866842128,0,0
2753.TW,6.343771742220339,0.1610604307296689,0
2768.TSE,20.63281882139715,0.4899743705713855,0
277810.KQ,75.36167078566093,0,0
2801.TSE,54.25546536455856,0.07538067239559777,0.0020769109604213045
2801.TW,0.5630564686726789,0.01727929626138863,0
2802.TSE,35.95200625028128,0.27890848786371175,0.003958503473352659
282330.KO,139.01802432936418,0,0
2834.TW,0.44951095751860204,0,0
2875.TSE,42.06359035876637,0.07538067239559777,0
2880.TW,0.7055201779551717,0.01846057571964956,0
2881.TW,1.9538659263817602,0.045846277278562254,0.0046285654539088405
2882.TW,1.408455651245365,0.02900418949403803,0.003887554719103846
2883.TW,0.4133618693629559,0,0
2884.TW,0.785203113560334,0.006046934865900383,0.0023069133037048094
2885.TW,0.7522629728506625,0.025335261973641915,0
2886.TW,1.092831598498301,0.038956958843858,0.003142991571101518
2887.TW,0.5325114650176648,0.016340916372957384,0
2888.TW,0.2865333117395721,0,0
2890.TW,0.5332312700250329,0.018951358180669613,0
2891.TW,0.7364707397575463,0.03157657088727502,0.0028745791251146543
2892.TW,0.8345116134630262,0.02507051081165779,0.002118758867243038
289220.KQ,13.842789418277867,0,0
2897.TSE,85.91625761479649,0.5653550429669832,0
2912.TW,8.665685346443013,0.2841806125670982,0
2914.TSE,20.817396661248413,0.6492609476447023,0.008358235242686191
298690.KO,2.7213093048987536,0,0
299900.KQ,2.9792818067691282,0,0
3003.TSE,8.258988100757344,0.1588617212322144,0
3008.TW,69.03601696219626,2.3353828008651942,0
3034.TW,13.26653377913594,1.181353767560664,0
3037.TW,5.04956162842129,0.25833839689722043,0
3038.TSE,27.46904622628518,0,0
3045.TW,3.1939229017831416,0.11247512038523276,0
3064.TSE,13.52623584228266,0.05525625086337892,0
3064.TWO,0.4582848565833934,0,0
3083.TWO,1.4890642632643334,0,0
3086.TWO,2.4591513212380725,0.01881467544684854,0
3088.TSE,53.597566772231346,0.07538067239559777,0
3092.TSE,21.68633620503768,0.30906075682195083,0
3099.TSE,10.668099784741386,0.06030453791647822,0
310200.KQ,3.1418509739741824,0,0
3104.TSE,23.381575437359913,0.4145936981757878,0
3105.TWO,5.330378033072055,0.08041170794467674,0
3141.TSE,20.941546515955576,0.11745705476435178,0
316140.KO,9.147338549375576,0.13606676342525398,0
3231.TW,2.114981725913127,0.08323894939141577,0
323410.KO,19.643191388100956,0,0
3281.TSE,1054.8653526030007,23.00690060196741,0
3283.TSE,2135.109001764594,35.2549889135255,0
3289.TSE,5.255742751460316,0.10930197497361677,0
3291.TSE,16.608386143477883,0.33921302578018997,0
3292.TSE,1074.889292065459,48.89866594056518,0
3293.TWO,17.272315996635704,1.1279407025459232,0
3349.TSE,100.48141263205586,0.3039839782562048,0
336260.KO,23.66877369074684,0,0
3382.TSE,43.901625017266774,0.07341065922771986,0.007290422980516869
3391.TSE,70.52417577283414,0.858384910109048,0
3402.TSE,5.588122392124225,0.06784260515603799,0
3407.TSE,6.878612024596924,0.13568521031207598,0
3443.TW,39.42875022947815,0.4561746497230368,0
3462.TSE,1159.1881252272372,2.4225517545147555,0
3471.TSE,3458.884068272691,126.54240324460494,0
3480.TSE,33.11548613397084,0,0
3481.TW,0.44801271210757165,0.015644555694618274,0
352820.KO,180.58211154995587,0,0
3529.TWO,60.106318346258966,0.6589341047894568,0
3532.TW,5.033392541502176,0.2330779054916986,0
3546.TWO,2.3641257071160817,0.1756066411238825,0
361570.KQ,3.8350199704367838,0,0
3624.TSE,2.04948538142384,0,0
3626.TSE,26.12597745160942,0.2638323533845922,0
3629.TWO,1.714309991761391,0,0
3632.TSE,4.882324329794852,0.07597734493714602,0
3635.TSE,17.157039322460715,0.3769033619779889,0
3639.TSE,2.2644701070361326,0,0
3656.TSE,2.670560502104513,0,0
3659.TSE,21.501392521567908,0.034535156789611825,0.0031099683894116937
3661.TW,46.48629180998381,0,0
3662.TSE,5.08442576206643,0.11334655709832814,0
3664.TSE,0.5769383793139341,0,0
3667.TSE,3.056508416884574,0,0
3668.TSE,4.626933063682833,0,0
3672.TSE,1.5281301426720628,0,0
3686.TSE,1.9173790847660825,0,0
3687.TWO,2.936540863328507,0.04813863928112965,0
3694.TSE,7.22556972105785,0,0
3711.TW,3.539127114035438,0.2822847512038523,0.0029185659954599516
3723.TSE,9.029608899070382,0,0
373220.KO,421.65562521123525,0,0.01880760227501051
3758.TSE,2.862874207784361,0,0
3760.TSE,14.58947343594371,0,0
3765.TSE,18.41720511057605,0,0
3769.TSE,80.88077361189566,0,0
377300.KO,42.940096393834715,0,0
3791.TSE,20.70392496197775,0.2503397467992275,0
3793.TSE,5.166298187711292,0.037690336197798886,0
3810.TSE,3.749852650658319,0,0
3817.TSE,22.294096141355215,0.7538067239559777,0
383220.KO,100.64868030666362,0,0
3851.TSE,8.47654829602558,0.007538067239559777,0
389140.KQ,10.522270007974289,0,0
3903.TSE,5.50338845670287,0,0
3904.TSE,6.513031749365165,0,0
3907.TSE,9.923131512530238,0,0
3911.TSE,3.1883357821894536,0,0
3912.TSE,6.42339540083658,0,0
3928.TSE,2.5415749701826096,0,0
3932.TSE,15.746841821452508,0.3015226895823911,0
3935.TSE,4.047578151679789,0,0
4005.TSE,3.242366492633132,0.045228403437358664,0
4021.TSE,43.92790325736695,0.708578320518619,0
4045.TSE,8.968216645247983,0.12432656444260257,0
4062.TSE,46.12940194334568,0.15076134479119557,0
4063.TSE,30.235652377479198,0.4145936981757878,0.012791861918616818
4091.TSE,19.447740512627256,0.15076134479119557,0
4137.TW,6.78897645554177,0.22471910112359553,0
4151.TSE,20.48181067171806,0.18648984666390384,0
4165.TSE,5.3653552681547545,0,0
4174.TSE,7.937461325287368,0.08083382054468256,0
4175.TSE,8.06677958183903,0,0
4188.TSE,5.761206160645091,0.11307100859339664,0
4198.TSE,12.808912646720914,0.2861025677705457,0
4199.TSE,8.393901956637364,0,0
4204.TSE,14.208965024421707,0.2261420171867933,0
4206.TSE,22.505833739668862,0.44474596713402686,0
4307.TSE,25.23766446851543,0.17337554650987488,0.0031167184975242476
4324.TSE,32.59430154491012,0.5422019615969056,0
4334.TSE,13.056948893917422,0.22997316979685703,0
4385.TSE,20.839104084625177,0,0
4393.TSE,46.79879744457279,0,0
4401.TSE,17.412454507691134,0.2638323533845922,0
4403.TSE,43.360175682852436,0.43720789989446707,0
4434.TSE,19.088405383006904,0,0
4452.TSE,38.01583436462181,0.5180273518441774,0.003212399298726211
4502.TSE,31.675715118126774,0.6784260515603799,0.009494401885626192
4503.TSE,14.8609432422514,0.2261420171867933,0.005154597565119379
4506.TSE,5.461354248556553,0.05276647067691844,0
4507.TSE,44.68056348048936,0.5653550429669832,0.0024730541826708083
4516.TSE,45.072131400649724,0.42966983265490727,0
4519.TSE,26.691413727108532,0.2762812543168946,0.00909336446851159
4523.TSE,61.29999775718089,0.6030453791647822,0.003822331269234318
4527.TSE,20.806296310820535,0.09045680687471731,0
4528.TSE,19.97179811575779,0.27890848786371175,0
4536.TSE,8.430335916788831,0.12060907583295644,0
4543.TSE,29.337275600863812,0.15829941203075532,0.004502395095377052
4549.TSE,11.293481816476131,0.203527815468114,0
4568.TSE,32.29763859578545,0.11307100859339664,0.01174209425967836
4569.TSE,12.5156241320484,0.24121815166591287,0
4578.TSE,34.14158742850588,0.34535156789611826,0.003897264485279109
4581.TSE,40.42576931667516,0.3769033619779889,0
4587.TSE,14.242627615506454,0,0
4612.TSE,8.629760109630071,0.04144218814753419,0.0037169572483032975
4613.TSE,14.39046348573269,0.11307100859339664,0
4644.TSE,7.25864630864838,0.12060907583295644,0
4661.TSE,35.16526922047716,0.03316749585406302,0.012160850551413143
4684.TSE,159.1515475007798,1.0553294135383688,0.003041602363328954
4689.TSE,2.723049357829682,0.04191165385195235,0.0034575332941394164
4694.TSE,22.309675746252534,0.15076134479119557,0
4704.TSE,47.47285223919735,0,0
4716.TSE,71.22150909847676,1.1587153994707102,0
4728.TSE,5.424904669096573,0.09176332403464985,0
4739.TSE,25.182901820917266,0.30529172320217096,0
4747.TWO,2.2940207272105835,0.06501950585175552,0
4751.TSE,8.0005558151408,0,0
4755.TSE,4.441921109540194,0,0
4768.TSE,37.01250130187921,0,0
4777.TSE,3.120124328955657,0,0
4816.TSE,94.94670139949183,1.1684004221317654,0
4819.TSE,31.164506630889928,0.27890848786371175,0
4901.TSE,54.22167270479499,0.5276647067691844,0.004693810938592326
4904.TW,2.363077161522834,0.07620115310698271,0
4911.TSE,46.71072367809749,0.2072109407376709,0.0034385471808781906
4912.TSE,10.366099620455463,0.08979140765299075,0
4917.TSE,10.639802819957529,0.14322327755163575,0
4921.TSE,18.15570228946263,0.1281471430725162,0
4922.TSE,105.42623292024508,0.48349219505456553,0
4927.TSE,13.737033044638876,0.1450476585163697,0
4938.TW,2.3195848120647806,0.12876873592795113,0
4967.TSE,59.54798088408593,0.26937422295897223,0
4980.TSE,20.981493918595408,0.037690336197798886,0
4985.TSE,36.1290345167072,0,0
4994.TW,1.45654269905234,0.027091352405721716,0
5019.TSE,21.516033663612664,0.4522840343735866,0
5020.TSE,3.4889848907013024,0.08291873963515754,0
5076.TSE,8.495744984317447,0.4145936981757878,0
5105.TSE,12.312254161962134,0.1381406271584473,0
5108.TSE,38.897845944614744,0.6907031357922365,0.005344456574205734
5186.TSE,21.992698109778605,0.4522840343735866,0
5201.TSE,35.577935109665994,0.7252382925818484,0
5301.TSE,8.71622301073927,0.12432656444260257,0
5332.TSE,32.41425986743897,0.3769033619779889,0
5344.TSE,142.28032625297158,0.3015226895823911,0
5347.TWO,2.737378358351748,0.1441383728379244,0
5401.TSE,21.34032532915439,0.6784260515603799,0.0037838251730990097
5411.TSE,13.237146277944047,0.2261420171867933,0
5478.TWO,2.907295887989237,0.22786458333333337,0
5483.TWO,4.979778550027321,0.3690673170225769,0
5713.TSE,35.23840625780632,0.8668777325493744,0
5802.TSE,12.185093751451229,0.1884516809889944,0
5805.TSE,13.37390639309297,0.4522840343735866,0
5871.TW,6.794596154358796,0.2024675735526732,0
5876.TW,1.483824467853564,0.05752636625119847,0
5880.TW,0.8399582065112214,0.003790271636133923,0.00228859213901579
5929.TSE,11.527782114239132,0.24875621890547264,0
5947.TSE,23.185275199924895,0.21357605909844715,0
5982.TSE,14.463246043219213,0.3303479665247394,0
6028.TSE,25.223403087086133,0.32463047382235116,0
6098.TSE,30.892108087490314,0.08291873963515754,0.010257149966770357
6111.TWO,2.4338364208206453,0.04612793979303857,0
6146.TSE,132.68903541943143,4.7791346298808985,0.0032456199402885137
6169.TWO,0.6838432523238709,0,0
6178.TSE,7.830475575629829,0.3769033619779889,0.004754860071869353
6180.TWO,2.299877342034123,0.18441971383147857,0
6201.TSE,62.1658213710481,0.7538067239559777,0.004428957762649037
6238.TSE,8.817680858970753,0.28644655510327155,0
6273.TSE,512.8782421401602,3.3921302578018997,0.00709709955587208
6301.TSE,25.011560840139268,0.5653550429669832,0.005007469709492316
6305.TSE,25.367313776437012,0.4522840343735866,0
6324.TSE,31.2760652664614,0.1281471430725162,0
6326.TSE,14.810743100703693,0,0.003313502634489804
6361.TSE,44.136783704450366,0.6734355573974306,0
6367.TSE,182.22963039252886,1.0553294135383688,0.011369612790393365
6383.TSE,18.959908810947912,0.17588798432082017,0
6457.TSE,19.914933123157585,0.2562942861450324,0
6460.TSE,18.927705541699073,0.2939846223428313,0
6468.TWO,1.5694591205938253,0,0
6479.TSE,17.99808398712129,0.15076134479119557,0
6482.TWO,1.4289134162402597,0,0
6488.TWO,15.898411780568756,0.5169565905255544,0
6501.TSE,57.33592021745676,0.5653550429669832,0.011062924115460194
6502.TSE,32.653436957786,0,0.0025947583414184733
6503.TSE,12.33811595911731,0.1959897482285542,0.005768822609690564
6505.TW,2.7180302618549197,0.03587736464448794,0.004932028611576567
6506.TSE,40.87244643732672,0.23491410952870356,0.0023269766190220044
6542.TWO,1.6380686466379013,0,0
6586.TSE,26.59580675404819,0.08291873963515754,0
6594.TSE,52.75505229196481,0.2638323533845922,0.006200219558086072
6626.TWO,0.5037780667978118,0,0
6645.TSE,56.234644930538536,0.36936529473842905,0.002396869141668224
6669.TW,38.5339730925292,1.6260162601626016,0
6701.TSE,42.478066169706345,0.4145936981757878,0.002458845180703807
6702.TSE,132.43691522840885,0.9045680687471732,0.0051018886108872615
6723.TSE,14.738113932920593,0,0.006320617575535628
6736.TSE,14.946237748148642,0.15076134479119557,0
6752.TSE,10.108480393727165,0.11307100859339664,0.005424849626888374
6753.TSE,6.645352720681761,0,0
6758.TSE,89.59591316052287,0.3015226895823911,0.021205146489106635
6762.TSE,35.765449463503394,0.3995175636966682,0.0028686449427948843
6770.TW,1.023671982052701,0.00985545335085414,0
6787.TSE,20.168172021368967,0.21106588270767376,0
6789.TW,7.510734631462331,0.06422982963677273,0
6857.TSE,102.52643829204693,0.5276647067691844,0.004675758101011278
6861.TSE,456.1901211821022,1.1380016690691146,0.02181065859621538
6869.TSE,64.29094730651526,0.015076134479119556,0.0027249629815449808
6902.TSE,59.58249407588772,0.7161163877581789,0.01007299765312306
6920.TSE,158.88359206532778,0.8702859510982179,0.002578843869428217
6952.TSE,9.251189971113606,0.16960651289009498,0
6954.TSE,33.478103001462316,0.4095281169908036,0.006690124886951525
6963.TSE,83.54456161069004,0.7538067239559777,0
6965.TSE,50.265482783732715,0.28644655510327155,0
6966.TSE,60.401361688808855,0.5073138180162159,0
6971.TSE,51.825004271941076,0.7538067239559777,0.0038994843609499287
6976.TSE,30.67640439651502,0.33921302578018997,0
6981.TSE,57.08138755668457,0.5653550429669832,0.006874280183384709
6988.TSE,66.39140846313964,0.9045680687471732,0.002110013145510961
7011.TSE,41.93958443609909,0.5276647067691844,0.003000872925932876
7013.TSE,25.868607257908103,0.3769033619779889,0
7060.TSE,6.589182945657837,0.07538067239559777,0
7181.TSE,16.170513612292996,0.34675109301974977,0
7182.TSE,8.09930139066836,0.3769033619779889,0.0053894912422992125
7201.TSE,3.791454134193102,0.07538067239559777,0.0032905741622981555
7202.TSE,12.008943613512015,0.32413689130107043,0
7203.TSE,14.78008633230241,0.2638323533845922,0.04992030694147168
7211.TSE,3.726967301020385,0.037690336197798886,0
7259.TSE,29.164081697138798,0.7538067239559777,0
7261.TSE,8.920564911794633,0.1884516809889944,0
7267.TSE,27.554382299999006,0.4522840343735866,0.01042249245140504
7269.TSE,35.5093512262008,0.3769033619779889,0.0033857790977383493
7270.TSE,16.86492869153755,0.28644655510327155,0.0027557024516978107
7272.TSE,25.647336103232096,0.4489570382649537,0
7276.TSE,17.80344256077318,0.12060907583295644,0
7309.TSE,162.80057787637202,0.984251968503937,0.002871002850794779
7313.TSE,12.500554080858151,0.24875621890547264,0
7453.TSE,10.993767807334647,0.14682131845543972,0
7476.TSE,41.0083749759376,0.47489823609226595,0
7518.TSE,22.96799578121844,0.27890848786371175,0
7532.TSE,18.666619912419737,0.09669843901091311,0.0021644412760699555
7552.TSE,14.744249731789118,0.3015226895823911,0
7564.TSE,38.68425349764727,0.5125885722900648,0
7679.TSE,18.44839691271266,0.1835266480692997,0
7701.TSE,30.34356559937223,0.24121815166591287,0
7716.TSE,21.044939420404177,0.16576875259013676,0
7731.TSE,10.714630551944516,0.1884516809889944,0
7733.TSE,16.668228393788624,0.12060907583295644,0.00380290549273214
7734.TSE,36.86481555125067,0.3015226895823911,0
7741.TSE,110.22450324314424,0.4899743705713855,0.00801370189236048
7747.TSE,18.381191566778213,0.09469539991711565,0
7751.TSE,23.464868741183793,0.48349219505456553,0.005019043546668539
7752.TSE,8.001889029044738,0.1281471430725162,0
7762.TSE,5.7021095803747635,0.14322327755163575,0
7803.TSE,5.479568822850713,0.02762812543168946,0
7832.TSE,22.242960112275263,0.3818784863560983,0.002905402622878689
7844.TSE,4.904036929251787,0.24875621890547264,0
7846.TSE,32.52234771128568,0.34535156789611826,0
7860.TSE,11.248471540964768,0.1884516809889944,0
7911.TSE,19.981989357706293,0.18091361374943463,0
7912.TSE,26.83564605798251,0.24121815166591287,0
7917.TSE,23.92235220744155,0.31659882406151063,0
7936.TSE,27.831469383116513,0.15195468987429203,0
7951.TSE,37.45376222383534,0.24875621890547264,0
7956.TSE,14.554084805345376,0.26246719160104987,0
7974.TSE,41.831367984834486,0.9271822704658526,0.010095084431941265
7984.TSE,14.035903168857812,0.2003039093797486,0
7988.TSE,27.246039091375422,0.24875621890547264,0
8001.TSE,34.49441891780824,0.5653550429669832,0.011946559249150538
8002.TSE,14.500291327718148,0.30529172320217096,0.005492743010159169
8015.TSE,45.69427896595283,0.7990351273933364,0.00335019894273359
8031.TSE,32.78362599591434,0.5653550429669832,0.011079179486861176
8035.TSE,126.91309472774154,1.5076134479119554,0.012722848645344934
8046.TW,8.428503839757662,0.58689272905119,0
8053.TSE,18.7838028963167,0.4334388662746872,0.004958945809133223
8058.TSE,40.37493774441604,0.776420925674657,0.013203828787600248
8113.TSE,38.523483580471485,0.1381406271584473,0.004187082497305352
8150.TW,1.195450436174268,0.07393121182899388,0
8267.TSE,20.165791305756542,0.13213918660989576,0.0034000257723021655
8306.TSE,7.008917713043941,0.12060907583295644,0.01790991425261572
8308.TSE,5.048424146020533,0.07914970601537766,0.002175451164504889
8309.TSE,36.01293975586922,0.8291873963515755,0.002466997044570669
8316.TSE,42.255816881291125,0.942258404944972,0.01091487745371747
8331.TSE,6.756091529095501,0.015076134479119556,0
8354.TSE,20.956641697329765,0.3957485300768883,0
8411.TSE,15.171276100513177,0.3203678576812905,0.00740101519995013
8421.TSE,1985.0448373246638,48.99743705713855,0
8439.TSE,35.08738219036607,0.5427408412483039,0
8454.TW,23.336142888132297,0.4441811074918567,0
8473.TSE,20.16947782285191,0.9045680687471732,0
8572.TSE,2.4063206806713264,0.037690336197798886,0
8591.TSE,17.346698129137827,0.3226292778531584,0.004275933058892048
8601.TSE,4.864743454003362,0.09045680687471731,0
8604.TSE,3.840359109634185,0.09045680687471731,0.002294474023482344
8630.TSE,42.57721388398067,0.979948741142771,0.0029766581494839275
8697.TSE,16.069811854710082,0.07538067239559777,0
8698.TSE,3.6678976891887625,0.05955073119252224,0
8725.TSE,33.553286745922435,0.7538067239559777,0.003620165080131626
8737.TSE,2.464376705125917,0.07161163877581789,0
8750.TSE,19.45747194107296,0.6482737826021409,0.0035923655418501023
8766.TSE,21.169226874296843,0.3769033619779889,0.008798662945382684
8795.TSE,14.292473638696457,0.2336800844263531,0
8801.TSE,19.26524416118669,0.24121815166591287,0.0035509222360680863
8802.TSE,12.145554791603802,0.14322327755163575,0.003001506431346929
8830.TSE,24.004916537090565,0.21106588270767376,0.002242028979595964
8951.TSE,4120.726082758864,79.4308606161072,0
8952.TSE,4012.027312337645,87.94663048394392,0
9001.TSE,24.968620185408778,0.11307100859339664,0
9005.TSE,12.797708721395189,0.056535504296698326,0
9007.TSE,13.519430452408216,0.15829941203075532,0
9020.TSE,55.35369932592005,0.3769033619779889,0.004000906789961681
9021.TSE,41.579740481089736,0.5653550429669832,0
9022.TSE,121.58205063283398,0.5276647067691844,0.004931120213682206
9041.TSE,32.69801699546941,0.3769033619779889,0
9042.TSE,31.224315923392904,0.1884516809889944,0
9048.TSE,15.94711411191583,0.15076134479119557,0
9064.TSE,17.52533331169014,0.17337554650987488,0
9101.TSE,23.618200682302238,1.281471430725162,0.0021570599607200532
9104.TSE,24.609145806886083,1.959897482285542,0
9107.TSE,24.57773761064668,2.261420171867933,0
9143.TSE,14.638792081799153,0.1959897482285542,0
9147.TSE,56.48250171677415,1.0360547036883547,0
9201.TSE,20.083211804163955,0.1884516809889944,0
9202.TSE,22.11505304278197,0,0.002199159238670206
9404.TSE,8.75838387908701,0.203527815468114,0
9421.TSE,4.192095816257283,0.06907031357922365,0
9432.TSE,1.0160574254404273,0.4522840343735866,0
9433.TSE,30.355748926048715,0.5276647067691844,0.013581893385806091
9435.TSE,143.3455402760244,2.036758902244982,0
9467.TSE,19.64352443451453,0,0
9468.TSE,21.691408723733428,0.2261420171867933,0
9502.TSE,11.279017217404128,0.1884516809889944,0
9503.TSE,10.982376998591446,0.1884516809889944,0.002246467886729335
9506.TSE,5.6239182161824655,0,0
9531.TSE,20.71803984360335,0.24498718528569272,0
9532.TSE,15.934657735510127,0.2261420171867933,0
9533.TSE,18.173354340269658,0.2261420171867933,0
9602.TSE,38.00205761943536,0.29364263691087944,0
9613.TSE,13.89736754132937,0.08668777325493744,0.0037308764399349567
9684.TSE,46.06104301236551,0.8593396653098145,0
9692.TSE,10.980038403690884,0.3304194419973758,0
9697.TSE,36.99330153356982,0.07538067239559777,0
9706.TSE,48.43735703969407,0.12060907583295644,0
9719.TSE,15.497046223620982,0.1959897482285542,0
9735.TSE,63.30492028009651,0.7161163877581789,0.0030115462589068976
9766.TSE,50.360120411190984,0.4673601688527062,0
9793.TSE,30.09904032105357,0.2202319776831596,0
9843.TSE,122.10097719319171,0.5502789084878638,0.0024429381350267705
9914.TW,5.90680783655752,0.21991831605403708,0
9962.TSE,22.307921271998204,0.09301974973616764,0
9983.TSE,225.96724527204051,0.9176332403464984,0.014924819855640398
9984.TSE,43.0961760939773,0.16583747927031509,0.01319646544526605
CPNG,16.43260162601627,0,0.0053397040942656255
GGR,3.591321138211379,0,0
GIGM,1.4165975609756083,0,0
GRRR,4.267235772357721,0,0
HIMX,6.829949593495938,0.48,0
PERF,5.679512195121952,0,0
408900.KO,NaN,0,0